00000000000000000000000000000000
00000000000000000000000000000000
00000000000000000000000000000000
00000000000000000000000000000000
00000000000000000000000000000000
00000000000000000000000000000000
00000000000000000000000000000000
00000000000000000000000000000000
00000000000000000000000000000000
00000000000000000000000000000000
00000000000000000000000000000000
00000000000000000000000000000000
00000000000000000000000000000000
00000000000000000000000000000000
00000000000000000000000000000000
00000000000000000000000000000000
00000000000000000000000000000000
00000000000000000000000000000000
00000000000000000000000000000000
00000000000000000000000000000000
00000000000000000000000000000000
00000000000000000000000000000000
00000000000000000000000000000000
00000000000000000000000000000000
00000000000000000000000000000000
00000000000000000000000000000000
00000000000000000000000000000000
00000000000000000000000000000000
00000000000000000000000000000000
00000000000000000000000000000000
00000000000000000000000000000000
00000000000000000000000000000000
00000000000000000000000000000000
00000000000000000000000000000000
00000000000000000000000000000000
00000000000000000000000000000000
00000000000000000000000000000000
00000000000000000000000000000000
00000000000000000000000000000000
00000000000000000000000000000000
00000000000000000000000000000000
00000000000000000000000000000000
00000000000000000000000000000000
00000000000000000000000000000000
00000000000000000000000000000000
00000000000000000000000000000000
00000000000000000000000000000000
00000000000000000000000000000000
000000000000200BFFFFFFFF00000000
000000000000200BFFFFFFFF00000000
00B8F4A8FE8E16B100B8F4A8FF79FA48
015DCCE700B8F4A8FE8E16B100B8F4A8
FF79FA48015DCCE700B8F4A8FE8E16B1
00B8F4A8FF79FA48015DCCE700B8F4A8
FE8E16B100B8F4A8FF79FA48015DCCE7
00FF2964FE01AD3900FF2964FF01AB88
01FE511600F7DC0AFE0CC12C00FBC565
FF0C5E9001F33ED400E6A5F9FE61D86F
00F79380FF21C687019E279100D3E63C
FEE71C3A0109FA94FF221F300118E3C6
00000000000000000100000000000000
00000000000000000000000001000000
00000000000000000000000000000000
00000000000000000000000000000000
